%YAML:1.0
---
Name: Ground Truth
Function: This is the ground-truth data (bounding box) of PTZ camera benchmark
Notation: "In each image, the target is at center of the view"
InputPath: "/home/icai21/Modelos/codigos/anomalous_detection/videos/scenario3dogcow.mp4"
totalFrameNum: 531.
frameImageWidth: 640.
frameImageHeight: 480.
verticalFOV: 90.
basicGroundTruth:
   - { framePos:139, height:60, width:74,
       horizontalAngle:1.4500000000000082e+01,
       verticalAngle:9.3250000000000071e+01 }
   - { framePos:140, height:60, width:74,
       horizontalAngle:1.4250000000000082e+01,
       verticalAngle:9.3250000000000071e+01 }
   - { framePos:141, height:60, width:74,
       horizontalAngle:1.4000000000000087e+01,
       verticalAngle:9.3250000000000071e+01 }
   - { framePos:142, height:60, width:74,
       horizontalAngle:1.4250000000000082e+01,
       verticalAngle:9.3250000000000071e+01 }
   - { framePos:143, height:60, width:74,
       horizontalAngle:1.4000000000000087e+01,
       verticalAngle:9.3250000000000071e+01 }
   - { framePos:144, height:60, width:74,
       horizontalAngle:1.4250000000000082e+01,
       verticalAngle:9.3250000000000071e+01 }
   - { framePos:145, height:60, width:74,
       horizontalAngle:1.4000000000000087e+01,
       verticalAngle:9.3250000000000071e+01 }
   - { framePos:146, height:60, width:74,
       horizontalAngle:1.4250000000000082e+01,
       verticalAngle:9.3250000000000071e+01 }
   - { framePos:147, height:60, width:74,
       horizontalAngle:1.4000000000000087e+01,
       verticalAngle:9.3250000000000071e+01 }
   - { framePos:148, height:60, width:74,
       horizontalAngle:1.4250000000000082e+01,
       verticalAngle:9.3250000000000071e+01 }
   - { framePos:149, height:60, width:74,
       horizontalAngle:1.4000000000000087e+01,
       verticalAngle:9.3250000000000071e+01 }
   - { framePos:150, height:60, width:74,
       horizontalAngle:1.4250000000000082e+01,
       verticalAngle:9.3250000000000071e+01 }
   - { framePos:151, height:60, width:74,
       horizontalAngle:1.4000000000000087e+01,
       verticalAngle:9.3250000000000071e+01 }
   - { framePos:152, height:60, width:74,
       horizontalAngle:1.4250000000000082e+01,
       verticalAngle:9.3250000000000071e+01 }
   - { framePos:153, height:60, width:74,
       horizontalAngle:1.4500000000000082e+01,
       verticalAngle:9.3250000000000071e+01 }
   - { framePos:154, height:60, width:74,
       horizontalAngle:1.5250000000000085e+01,
       verticalAngle:9.3250000000000071e+01 }
   - { framePos:155, height:60, width:74,
       horizontalAngle:1.6000000000000089e+01,
       verticalAngle:9.3250000000000071e+01 }
   - { framePos:156, height:60, width:74,
       horizontalAngle:1.6750000000000082e+01,
       verticalAngle:9.3250000000000071e+01 }
   - { framePos:157, height:60, width:74,
       horizontalAngle:1.7500000000000082e+01,
       verticalAngle:9.3250000000000071e+01 }
   - { framePos:158, height:60, width:74,
       horizontalAngle:1.8750000000000085e+01,
       verticalAngle:9.3250000000000071e+01 }
   - { framePos:159, height:60, width:74,
       horizontalAngle:2.0000000000000082e+01,
       verticalAngle:9.3250000000000071e+01 }
   - { framePos:160, height:60, width:76,
       horizontalAngle:2.1000000000000085e+01,
       verticalAngle:9.3250000000000071e+01 }
   - { framePos:161, height:62, width:76,
       horizontalAngle:2.3000000000000085e+01,
       verticalAngle:9.3500000000000085e+01 }
   - { framePos:162, height:62, width:74,
       horizontalAngle:2.4500000000000078e+01,
       verticalAngle:9.3500000000000099e+01 }
   - { framePos:163, height:62, width:74,
       horizontalAngle:2.6250000000000078e+01,
       verticalAngle:9.3500000000000114e+01 }
   - { framePos:164, height:62, width:74,
       horizontalAngle:2.8500000000000078e+01,
       verticalAngle:9.3500000000000128e+01 }
   - { framePos:165, height:62, width:74,
       horizontalAngle:3.0250000000000085e+01,
       verticalAngle:9.3500000000000142e+01 }
   - { framePos:166, height:62, width:74,
       horizontalAngle:3.2250000000000078e+01,
       verticalAngle:9.3500000000000156e+01 }
   - { framePos:167, height:62, width:74,
       horizontalAngle:3.4000000000000085e+01,
       verticalAngle:9.3500000000000171e+01 }
   - { framePos:168, height:62, width:74,
       horizontalAngle:3.5500000000000085e+01,
       verticalAngle:9.3500000000000171e+01 }
   - { framePos:169, height:62, width:74,
       horizontalAngle:3.6750000000000092e+01,
       verticalAngle:9.3500000000000171e+01 }
   - { framePos:170, height:62, width:74,
       horizontalAngle:3.7750000000000085e+01,
       verticalAngle:9.3500000000000171e+01 }
   - { framePos:171, height:62, width:74,
       horizontalAngle:3.9000000000000085e+01,
       verticalAngle:9.3500000000000171e+01 }
   - { framePos:172, height:62, width:74,
       horizontalAngle:4.0000000000000085e+01,
       verticalAngle:9.3500000000000171e+01 }
   - { framePos:173, height:62, width:74,
       horizontalAngle:4.0500000000000085e+01,
       verticalAngle:9.4000000000000185e+01 }
   - { framePos:174, height:62, width:74,
       horizontalAngle:4.0750000000000092e+01,
       verticalAngle:9.4000000000000199e+01 }
   - { framePos:175, height:62, width:74,
       horizontalAngle:4.1500000000000099e+01,
       verticalAngle:9.4000000000000213e+01 }
   - { framePos:176, height:62, width:74,
       horizontalAngle:4.1750000000000099e+01,
       verticalAngle:9.4000000000000227e+01 }
   - { framePos:177, height:62, width:76,
       horizontalAngle:4.1750000000000099e+01,
       verticalAngle:9.4000000000000227e+01 }
   - { framePos:178, height:62, width:76,
       horizontalAngle:4.1500000000000099e+01,
       verticalAngle:9.4000000000000227e+01 }
   - { framePos:179, height:62, width:76,
       horizontalAngle:4.1750000000000099e+01,
       verticalAngle:9.4000000000000227e+01 }
   - { framePos:180, height:62, width:76,
       horizontalAngle:4.1500000000000099e+01,
       verticalAngle:9.4000000000000227e+01 }
   - { framePos:181, height:62, width:76,
       horizontalAngle:4.1750000000000099e+01,
       verticalAngle:9.4000000000000227e+01 }
   - { framePos:182, height:62, width:76,
       horizontalAngle:4.1500000000000099e+01,
       verticalAngle:9.4000000000000227e+01 }
   - { framePos:183, height:62, width:76,
       horizontalAngle:4.1750000000000099e+01,
       verticalAngle:9.4000000000000227e+01 }
   - { framePos:184, height:62, width:76,
       horizontalAngle:4.1500000000000099e+01,
       verticalAngle:9.4000000000000227e+01 }
   - { framePos:185, height:62, width:74,
       horizontalAngle:4.1500000000000099e+01,
       verticalAngle:9.4000000000000227e+01 }
   - { framePos:186, height:62, width:74,
       horizontalAngle:4.1250000000000099e+01,
       verticalAngle:9.4000000000000227e+01 }
   - { framePos:187, height:62, width:74,
       horizontalAngle:4.1000000000000099e+01,
       verticalAngle:9.4000000000000227e+01 }
   - { framePos:188, height:62, width:74,
       horizontalAngle:4.0750000000000114e+01,
       verticalAngle:9.4000000000000227e+01 }
   - { framePos:189, height:62, width:76,
       horizontalAngle:4.0250000000000114e+01,
       verticalAngle:9.4000000000000227e+01 }
   - { framePos:190, height:62, width:76,
       horizontalAngle:3.9250000000000114e+01,
       verticalAngle:9.4000000000000227e+01 }
   - { framePos:191, height:62, width:76,
       horizontalAngle:3.8750000000000114e+01,
       verticalAngle:9.4000000000000227e+01 }
   - { framePos:192, height:62, width:74,
       horizontalAngle:3.8250000000000121e+01,
       verticalAngle:9.4000000000000227e+01 }
   - { framePos:193, height:62, width:74,
       horizontalAngle:3.7500000000000114e+01,
       verticalAngle:9.4000000000000227e+01 }
   - { framePos:194, height:62, width:74,
       horizontalAngle:3.6750000000000121e+01,
       verticalAngle:9.4000000000000227e+01 }
   - { framePos:195, height:62, width:74,
