%YAML:1.0
---
Name: Ground Truth
Function: This is the ground-truth data (bounding box) of PTZ camera benchmark
Notation: "In each image, the target is at center of the view"
InputPath: "/home/icai21/Modelos/codigos/anomalous_detection/videos/scenario3horse.mp4"
totalFrameNum: 1061.
frameImageWidth: 640.
frameImageHeight: 480.
verticalFOV: 90.
basicGroundTruth:
   - { framePos:543, height:94, width:96,
       horizontalAngle:1.8000000000000004e+01,
       verticalAngle:9.0250000000000071e+01 }
   - { framePos:544, height:94, width:96,
       horizontalAngle:1.8000000000000004e+01,
       verticalAngle:9.0000000000000071e+01 }
   - { framePos:545, height:94, width:96,
       horizontalAngle:1.7750000000000004e+01,
       verticalAngle:9.0000000000000071e+01 }
   - { framePos:546, height:94, width:96,
       horizontalAngle:1.8000000000000004e+01,
       verticalAngle:9.0000000000000071e+01 }
   - { framePos:547, height:94, width:96,
       horizontalAngle:1.7750000000000004e+01,
       verticalAngle:9.0000000000000071e+01 }
   - { framePos:548, height:94, width:96,
       horizontalAngle:1.8000000000000004e+01,
       verticalAngle:9.0000000000000071e+01 }
   - { framePos:549, height:94, width:96,
       horizontalAngle:1.7750000000000004e+01,
       verticalAngle:9.0000000000000071e+01 }
   - { framePos:550, height:94, width:96,
       horizontalAngle:1.8000000000000004e+01,
       verticalAngle:9.0000000000000071e+01 }
   - { framePos:551, height:94, width:96,
       horizontalAngle:1.7750000000000004e+01,
       verticalAngle:9.0000000000000071e+01 }
   - { framePos:552, height:94, width:96,
       horizontalAngle:1.8000000000000004e+01,
       verticalAngle:9.0000000000000071e+01 }
   - { framePos:553, height:94, width:96,
       horizontalAngle:1.7750000000000004e+01,
       verticalAngle:9.0000000000000071e+01 }
   - { framePos:554, height:94, width:96,
       horizontalAngle:1.8000000000000004e+01,
       verticalAngle:9.0000000000000071e+01 }
   - { framePos:555, height:94, width:96,
       horizontalAngle:1.7750000000000004e+01,
       verticalAngle:9.0000000000000071e+01 }
   - { framePos:556, height:94, width:96,
       horizontalAngle:1.8000000000000004e+01,
       verticalAngle:9.0000000000000071e+01 }
   - { framePos:557, height:94, width:96,
       horizontalAngle:1.7750000000000004e+01,
       verticalAngle:9.0000000000000071e+01 }
   - { framePos:558, height:96, width:96,
       horizontalAngle:1.8000000000000004e+01,
       verticalAngle:9.0250000000000085e+01 }
   - { framePos:559, height:96, width:102,
       horizontalAngle:1.7500000000000000e+01,
       verticalAngle:9.0250000000000099e+01 }
   - { framePos:560, height:98, width:100,
       horizontalAngle:1.7250000000000000e+01,
       verticalAngle:9.0250000000000114e+01 }
   - { framePos:561, height:98, width:100,
       horizontalAngle:1.7250000000000000e+01,
       verticalAngle:9.0250000000000128e+01 }
   - { framePos:562, height:100, width:102,
       horizontalAngle:1.6500000000000007e+01,
       verticalAngle:9.0500000000000128e+01 }
   - { framePos:563, height:102, width:102,
       horizontalAngle:1.6249999999999996e+01,
       verticalAngle:9.0250000000000142e+01 }
   - { framePos:564, height:102, width:104, horizontalAngle:16.,
       verticalAngle:9.0500000000000142e+01 }
   - { framePos:565, height:106, width:106,
       horizontalAngle:1.5500000000000005e+01,
       verticalAngle:9.0500000000000142e+01 }
   - { framePos:566, height:104, width:108,
       horizontalAngle:1.5249999999999996e+01,
       verticalAngle:9.0500000000000142e+01 }
   - { framePos:567, height:106, width:110,
       horizontalAngle:1.4999999999999998e+01,
       verticalAngle:9.0500000000000142e+01 }
   - { framePos:568, height:108, width:112,
       horizontalAngle:1.4500000000000007e+01,
       verticalAngle:9.0750000000000156e+01 }
   - { framePos:569, height:110, width:112,
       horizontalAngle:1.3999999999999998e+01,
       verticalAngle:9.0750000000000171e+01 }
   - { framePos:570, height:114, width:114,
       horizontalAngle:1.3500000000000005e+01,
       verticalAngle:9.0750000000000185e+01 }
   - { framePos:571, height:114, width:118,
       horizontalAngle:1.2999999999999996e+01,
       verticalAngle:9.0750000000000199e+01 }
   - { framePos:572, height:118, width:118,
       horizontalAngle:1.2500000000000002e+01,
       verticalAngle:9.1250000000000213e+01 }
   - { framePos:573, height:120, width:120,
       horizontalAngle:1.2000000000000007e+01,
       verticalAngle:9.1000000000000213e+01 }
   - { framePos:574, height:122, width:124,
       horizontalAngle:1.1250000000000005e+01,
       verticalAngle:9.1000000000000213e+01 }
   - { framePos:575, height:126, width:128,
       horizontalAngle:1.1000000000000005e+01,
       verticalAngle:9.1250000000000227e+01 }
   - { framePos:576, height:126, width:130,
       horizontalAngle:1.0000000000000005e+01,
       verticalAngle:9.1250000000000242e+01 }
   - { framePos:577, height:130, width:132,
       horizontalAngle:9.4999999999999982e+00,
       verticalAngle:9.1500000000000256e+01 }
   - { framePos:578, height:132, width:136,
       horizontalAngle:9.0000000000000036e+00,
       verticalAngle:9.1250000000000270e+01 }
   - { framePos:579, height:136, width:140,
       horizontalAngle:8.2499999999999964e+00,
       verticalAngle:9.1500000000000270e+01 }
   - { framePos:580, height:142, width:144,
       horizontalAngle:7.5000000000000071e+00,
       verticalAngle:9.1750000000000284e+01 }
   - { framePos:581, height:144, width:148,
       horizontalAngle:6.7500000000000036e+00,
       verticalAngle:9.2000000000000298e+01 }
   - { framePos:582, height:148, width:152, horizontalAngle:6.,
       verticalAngle:9.2000000000000313e+01 }
   - { framePos:583, height:152, width:154,
       horizontalAngle:5.2500000000000071e+00,
       verticalAngle:9.2250000000000313e+01 }
   - { framePos:584, height:156, width:158,
       horizontalAngle:4.5000000000000036e+00,
       verticalAngle:9.2250000000000313e+01 }
   - { framePos:585, height:160, width:164,
       horizontalAngle:3.5000000000000022e+00,
       verticalAngle:9.2750000000000327e+01 }
   - { framePos:586, height:164, width:170,
       horizontalAngle:2.5000000000000004e+00,
       verticalAngle:9.2750000000000341e+01 }
   - { framePos:587, height:166, width:174,
       horizontalAngle:1.7499999999999964e+00,
       verticalAngle:9.3000000000000341e+01 }
   - { framePos:588, height:172, width:176,
       horizontalAngle:7.5000000000000777e-01,
       verticalAngle:9.3250000000000355e+01 }
   - { framePos:589, height:176, width:180,
       horizontalAngle:-4.9999999999997813e-01,
       verticalAngle:9.3250000000000369e+01 }
   - { framePos:590, height:182, width:184,
       horizontalAngle:-1.2499999999999696e+00,
       verticalAngle:9.3500000000000384e+01 }
   - { framePos:591, height:188, width:192,
       horizontalAngle:-2.2499999999999711e+00,
       verticalAngle:9.3500000000000398e+01 }
   - { framePos:592, height:192, width:194,
       horizontalAngle:-3.4999999999999694e+00,
       verticalAngle:9.3750000000000398e+01 }
   - { framePos:593, height:196, width:200,
       horizontalAngle:-4.4999999999999716e+00,
       verticalAngle:9.3750000000000398e+01 }
   - { framePos:594, height:204, width:206,
       horizontalAngle:-5.4999999999999725e+00,
       verticalAngle:9.4000000000000412e+01 }
   - { framePos:595, height:208, width:212,
       horizontalAngle:-6.7499999999999698e+00,
       verticalAngle:9.4250000000000426e+01 }
   - { framePos:596, height:214, width:214,
       horizontalAngle:-7.7499999999999725e+00,
       verticalAngle:9.4500000000000426e+01 }
   - { framePos:597, height:222, width:220,
       horizontalAngle:-8.7499999999999734e+00,
       verticalAngle:9.4500000000000426e+01 }
   - { framePos:598, height:224, width:226,
       horizontalAngle:-9.7499999999999716e+00,
       verticalAngle:9.4750000000000426e+01 }
