%YAML:1.0
---
Name: Ground Truth
Function: This is the ground-truth data (bounding box) of PTZ camera benchmark
Notation: "In each image, the target is at center of the view"
InputPath: "/home/icai21/Modelos/codigos/anomalous_detection/videos/scenario3sheep.mp4"
totalFrameNum: 1061.
frameImageWidth: 640.
frameImageHeight: 480.
verticalFOV: 90.
basicGroundTruth:
   - { framePos:273, height:36, width:24,
       horizontalAngle:2.1250000000000007e+01,
       verticalAngle:9.4500000000000057e+01 }
   - { framePos:274, height:36, width:24,
       horizontalAngle:2.1250000000000000e+01,
       verticalAngle:9.5000000000000071e+01 }
   - { framePos:275, height:40, width:26,
       horizontalAngle:2.1000000000000011e+01,
       verticalAngle:9.5500000000000071e+01 }
   - { framePos:276, height:40, width:26,
       horizontalAngle:2.1000000000000021e+01,
       verticalAngle:9.5500000000000071e+01 }
   - { framePos:277, height:40, width:26,
       horizontalAngle:2.1000000000000032e+01,
       verticalAngle:9.6000000000000085e+01 }
   - { framePos:278, height:40, width:26,
       horizontalAngle:2.1000000000000032e+01,
       verticalAngle:9.6000000000000099e+01 }
   - { framePos:279, height:40, width:28,
       horizontalAngle:2.0500000000000028e+01,
       verticalAngle:9.6750000000000114e+01 }
   - { framePos:280, height:40, width:28,
       horizontalAngle:2.0500000000000028e+01,
       verticalAngle:9.6750000000000128e+01 }
   - { framePos:281, height:40, width:28,
       horizontalAngle:2.0250000000000032e+01,
       verticalAngle:9.7000000000000142e+01 }
   - { framePos:282, height:40, width:28,
       horizontalAngle:2.0250000000000032e+01,
       verticalAngle:9.7000000000000156e+01 }
   - { framePos:283, height:44, width:30,
       horizontalAngle:1.9750000000000039e+01,
       verticalAngle:9.7500000000000156e+01 }
   - { framePos:284, height:44, width:30,
       horizontalAngle:1.9750000000000050e+01,
       verticalAngle:9.7500000000000156e+01 }
   - { framePos:285, height:44, width:28,
       horizontalAngle:1.9500000000000064e+01,
       verticalAngle:9.8000000000000171e+01 }
   - { framePos:286, height:44, width:28,
       horizontalAngle:1.9500000000000064e+01,
       verticalAngle:9.8500000000000171e+01 }
   - { framePos:287, height:46, width:32,
       horizontalAngle:1.9000000000000053e+01,
       verticalAngle:9.8750000000000171e+01 }
   - { framePos:288, height:46, width:32,
       horizontalAngle:1.9000000000000053e+01,
       verticalAngle:9.8750000000000171e+01 }
   - { framePos:289, height:46, width:32,
       horizontalAngle:1.8750000000000053e+01,
       verticalAngle:9.9250000000000156e+01 }
   - { framePos:290, height:46, width:32,
       horizontalAngle:1.8750000000000053e+01,
       verticalAngle:9.9250000000000156e+01 }
   - { framePos:291, height:48, width:32,
       horizontalAngle:1.8750000000000053e+01,
       verticalAngle:1.0000000000000017e+02 }
   - { framePos:292, height:48, width:32,
       horizontalAngle:1.8750000000000053e+01,
       verticalAngle:1.0000000000000018e+02 }
   - { framePos:293, height:48, width:32,
       horizontalAngle:1.8250000000000060e+01,
       verticalAngle:1.0050000000000020e+02 }
   - { framePos:294, height:48, width:32,
       horizontalAngle:1.8250000000000060e+01,
       verticalAngle:1.0050000000000021e+02 }
   - { framePos:295, height:52, width:32,
       horizontalAngle:1.8000000000000053e+01,
       verticalAngle:1.0125000000000023e+02 }
   - { framePos:296, height:52, width:32,
       horizontalAngle:1.7750000000000057e+01,
       verticalAngle:1.0125000000000023e+02 }
   - { framePos:297, height:52, width:32,
       horizontalAngle:1.7750000000000057e+01,
       verticalAngle:1.0125000000000023e+02 }
   - { framePos:298, height:52, width:32,
       horizontalAngle:1.7500000000000064e+01,
       verticalAngle:1.0150000000000024e+02 }
   - { framePos:299, height:52, width:32,
       horizontalAngle:1.7500000000000064e+01,
       verticalAngle:1.0150000000000026e+02 }
   - { framePos:300, height:56, width:34,
       horizontalAngle:1.7000000000000053e+01,
       verticalAngle:1.0225000000000027e+02 }
   - { framePos:301, height:56, width:34,
       horizontalAngle:1.7000000000000053e+01,
       verticalAngle:1.0225000000000027e+02 }
   - { framePos:302, height:56, width:34,
       horizontalAngle:1.6750000000000053e+01,
       verticalAngle:1.0275000000000027e+02 }
   - { framePos:303, height:56, width:34,
       horizontalAngle:1.6750000000000053e+01,
       verticalAngle:1.0275000000000027e+02 }
   - { framePos:304, height:56, width:34,
       horizontalAngle:1.6250000000000057e+01,
       verticalAngle:1.0325000000000028e+02 }
   - { framePos:305, height:56, width:34,
       horizontalAngle:1.6250000000000057e+01,
       verticalAngle:1.0325000000000030e+02 }
   - { framePos:306, height:58, width:36,
       horizontalAngle:1.6000000000000068e+01,
       verticalAngle:1.0400000000000031e+02 }
   - { framePos:307, height:58, width:36,
       horizontalAngle:1.6000000000000078e+01,
       verticalAngle:1.0400000000000033e+02 }
   - { framePos:308, height:60, width:36,
       horizontalAngle:1.5500000000000082e+01,
       verticalAngle:1.0425000000000034e+02 }
   - { framePos:309, height:60, width:36,
       horizontalAngle:1.5500000000000082e+01,
       verticalAngle:1.0425000000000034e+02 }
   - { framePos:310, height:60, width:36,
       horizontalAngle:1.5250000000000085e+01,
       verticalAngle:1.0500000000000034e+02 }
   - { framePos:311, height:60, width:36,
       horizontalAngle:1.5250000000000085e+01,
       verticalAngle:1.0500000000000034e+02 }
   - { framePos:312, height:64, width:40,
       horizontalAngle:1.4750000000000091e+01,
       verticalAngle:1.0600000000000034e+02 }
   - { framePos:313, height:64, width:40,
       horizontalAngle:1.4750000000000091e+01,
       verticalAngle:1.0600000000000034e+02 }
   - { framePos:314, height:64, width:40,
       horizontalAngle:1.4750000000000091e+01,
       verticalAngle:1.0650000000000034e+02 }
   - { framePos:315, height:64, width:40,
       horizontalAngle:1.4750000000000091e+01,
       verticalAngle:1.0650000000000034e+02 }
   - { framePos:316, height:64, width:40,
       horizontalAngle:1.4500000000000082e+01,
       verticalAngle:1.0675000000000034e+02 }
   - { framePos:317, height:64, width:40,
       horizontalAngle:1.4500000000000082e+01,
       verticalAngle:1.0675000000000034e+02 }
   - { framePos:318, height:64, width:40,
       horizontalAngle:1.4000000000000087e+01,
       verticalAngle:1.0725000000000036e+02 }
   - { framePos:319, height:64, width:40,
       horizontalAngle:1.4000000000000087e+01,
       verticalAngle:1.0725000000000037e+02 }
   - { framePos:320, height:66, width:42,
       horizontalAngle:1.3750000000000087e+01,
       verticalAngle:1.0800000000000038e+02 }
   - { framePos:321, height:66, width:42,
       horizontalAngle:1.3500000000000094e+01,
       verticalAngle:1.0825000000000038e+02 }
   - { framePos:322, height:66, width:42,
       horizontalAngle:1.3500000000000105e+01,
       verticalAngle:1.0825000000000038e+02 }
   - { framePos:323, height:66, width:42,
       horizontalAngle:1.3000000000000099e+01,
       verticalAngle:1.0875000000000038e+02 }
   - { framePos:324, height:66, width:42,
       horizontalAngle:1.3000000000000099e+01,
       verticalAngle:1.0875000000000038e+02 }
   - { framePos:325, height:68, width:42,
       horizontalAngle:1.2750000000000103e+01,
       verticalAngle:1.0925000000000040e+02 }
   - { framePos:326, height:68, width:42,
       horizontalAngle:1.2750000000000103e+01,
       verticalAngle:1.0925000000000040e+02 }
   - { framePos:327, height:72, width:46,
       horizontalAngle:1.2500000000000101e+01,
       verticalAngle:1.1000000000000041e+02 }
   - { framePos:328, height:72, width:46,
       horizontalAngle:1.2500000000000103e+01,
       verticalAngle:1.1000000000000041e+02 }
   - { framePos:329, height:74, width:46,
