%YAML:1.0
---
Name: Ground Truth
Function: This is the ground-truth data (bounding box) of PTZ camera benchmark
Notation: "In each image, the target is at center of the view"
InputPath: "/home/icai21/Modelos/codigos/anomalous_detection/videos/scenario3dogcow.mp4"
totalFrameNum: 531.
frameImageWidth: 640.
frameImageHeight: 480.
verticalFOV: 90.
basicGroundTruth:
   - { framePos:101, height:64, width:54,
       horizontalAngle:-3.5249999999999915e+01,
       verticalAngle:1.0475000000000034e+02 }
   - { framePos:102, height:64, width:54,
       horizontalAngle:-3.4999999999999901e+01,
       verticalAngle:1.0475000000000034e+02 }
   - { framePos:103, height:64, width:54,
       horizontalAngle:-3.5249999999999893e+01,
       verticalAngle:1.0475000000000036e+02 }
   - { framePos:104, height:64, width:54,
       horizontalAngle:-3.4999999999999879e+01,
       verticalAngle:1.0475000000000036e+02 }
   - { framePos:105, height:64, width:54,
       horizontalAngle:-3.5249999999999901e+01,
       verticalAngle:1.0475000000000036e+02 }
   - { framePos:106, height:64, width:54,
       horizontalAngle:-3.4999999999999901e+01,
       verticalAngle:1.0475000000000037e+02 }
   - { framePos:107, height:64, width:54,
       horizontalAngle:-3.5249999999999901e+01,
       verticalAngle:1.0475000000000037e+02 }
   - { framePos:108, height:64, width:54,
       horizontalAngle:-3.4999999999999901e+01,
       verticalAngle:1.0475000000000037e+02 }
   - { framePos:109, height:64, width:54,
       horizontalAngle:-3.5249999999999901e+01,
       verticalAngle:1.0475000000000037e+02 }
   - { framePos:110, height:64, width:54,
       horizontalAngle:-3.4999999999999901e+01,
       verticalAngle:1.0525000000000037e+02 }
   - { framePos:111, height:64, width:58,
       horizontalAngle:-3.5249999999999893e+01,
       verticalAngle:1.0525000000000037e+02 }
   - { framePos:112, height:68, width:58,
       horizontalAngle:-3.5249999999999893e+01,
       verticalAngle:1.0600000000000038e+02 }
   - { framePos:113, height:70, width:58,
       horizontalAngle:-3.5249999999999886e+01,
       verticalAngle:1.0650000000000040e+02 }
   - { framePos:114, height:70, width:58,
       horizontalAngle:-3.5249999999999886e+01,
       verticalAngle:1.0775000000000040e+02 }
   - { framePos:115, height:72, width:60,
       horizontalAngle:-3.5249999999999886e+01,
       verticalAngle:1.0850000000000040e+02 }
   - { framePos:116, height:76, width:64,
       horizontalAngle:-3.5249999999999893e+01,
       verticalAngle:1.0975000000000041e+02 }
   - { framePos:117, height:78, width:64,
       horizontalAngle:-3.5249999999999893e+01,
       verticalAngle:1.1125000000000043e+02 }
   - { framePos:118, height:82, width:68,
       horizontalAngle:-3.5249999999999886e+01,
       verticalAngle:1.1225000000000044e+02 }
   - { framePos:119, height:86, width:68,
       horizontalAngle:-3.5249999999999893e+01,
       verticalAngle:1.1400000000000044e+02 }
   - { framePos:120, height:88, width:68,
       horizontalAngle:-3.5249999999999886e+01,
       verticalAngle:1.1600000000000044e+02 }
   - { framePos:121, height:92, width:72,
       horizontalAngle:-3.5249999999999893e+01,
       verticalAngle:1.1775000000000044e+02 }
   - { framePos:122, height:98, width:72,
       horizontalAngle:-3.5249999999999893e+01,
       verticalAngle:1.1925000000000044e+02 }
   - { framePos:123, height:100, width:76,
       horizontalAngle:-3.5249999999999893e+01,
       verticalAngle:1.2075000000000045e+02 }
   - { framePos:124, height:104, width:76,
       horizontalAngle:-3.5249999999999893e+01,
       verticalAngle:1.2200000000000045e+02 }
   - { framePos:125, height:104, width:76,
       horizontalAngle:-3.5249999999999893e+01,
       verticalAngle:1.2325000000000045e+02 }
   - { framePos:126, height:108, width:78,
       horizontalAngle:-3.4749999999999893e+01,
       verticalAngle:1.2450000000000045e+02 }
   - { framePos:127, height:110, width:78,
       horizontalAngle:-3.4749999999999893e+01,
       verticalAngle:1.2550000000000047e+02 }
   - { framePos:128, height:110, width:78,
       horizontalAngle:-3.4749999999999893e+01,
       verticalAngle:1.2625000000000047e+02 }
   - { framePos:129, height:112, width:78,
       horizontalAngle:-3.4749999999999893e+01,
       verticalAngle:1.2675000000000045e+02 }
   - { framePos:130, height:114, width:78,
       horizontalAngle:-3.4749999999999901e+01,
       verticalAngle:1.2725000000000045e+02 }
   - { framePos:131, height:114, width:78,
       horizontalAngle:-3.4749999999999901e+01,
       verticalAngle:1.2750000000000047e+02 }
   - { framePos:132, height:116, width:78,
       horizontalAngle:-3.4749999999999901e+01,
       verticalAngle:1.2800000000000045e+02 }
   - { framePos:133, height:114, width:78,
       horizontalAngle:-3.4749999999999901e+01,
       verticalAngle:1.2800000000000045e+02 }
   - { framePos:134, height:114, width:78,
       horizontalAngle:-3.4999999999999901e+01,
       verticalAngle:1.2800000000000045e+02 }
   - { framePos:135, height:114, width:78,
       horizontalAngle:-3.4749999999999901e+01,
       verticalAngle:1.2800000000000045e+02 }
   - { framePos:136, height:114, width:78,
       horizontalAngle:-3.4749999999999901e+01,
       verticalAngle:1.2800000000000045e+02 }
   - { framePos:137, height:114, width:78,
       horizontalAngle:-3.4749999999999901e+01,
       verticalAngle:1.2800000000000045e+02 }
   - { framePos:138, height:114, width:78,
       horizontalAngle:-3.4999999999999901e+01,
       verticalAngle:1.2800000000000045e+02 }
   - { framePos:139, height:114, width:78,
       horizontalAngle:-3.4749999999999901e+01,
       verticalAngle:1.2800000000000045e+02 }
   - { framePos:140, height:114, width:78,
       horizontalAngle:-3.4499999999999908e+01,
       verticalAngle:1.2800000000000045e+02 }
   - { framePos:141, height:114, width:78,
       horizontalAngle:-3.4749999999999922e+01,
       verticalAngle:1.2800000000000045e+02 }
   - { framePos:142, height:114, width:78,
       horizontalAngle:-3.4499999999999908e+01,
       verticalAngle:1.2800000000000045e+02 }
   - { framePos:143, height:114, width:78,
       horizontalAngle:-3.4749999999999922e+01,
       verticalAngle:1.2800000000000045e+02 }
   - { framePos:144, height:114, width:78,
       horizontalAngle:-3.4499999999999908e+01,
       verticalAngle:1.2800000000000045e+02 }
   - { framePos:145, height:114, width:78,
       horizontalAngle:-3.4749999999999922e+01,
       verticalAngle:1.2800000000000045e+02 }
   - { framePos:146, height:114, width:78,
       horizontalAngle:-3.4499999999999908e+01,
       verticalAngle:1.2800000000000045e+02 }
   - { framePos:147, height:114, width:78,
       horizontalAngle:-3.4749999999999922e+01,
       verticalAngle:1.2800000000000045e+02 }
   - { framePos:148, height:114, width:78,
       horizontalAngle:-3.4499999999999908e+01,
       verticalAngle:1.2800000000000045e+02 }
   - { framePos:149, height:114, width:78,
       horizontalAngle:-3.4749999999999922e+01,
       verticalAngle:1.2800000000000045e+02 }
   - { framePos:150, height:114, width:78,
       horizontalAngle:-3.4499999999999908e+01,
       verticalAngle:1.2800000000000045e+02 }
   - { framePos:151, height:114, width:78,
       horizontalAngle:-3.4749999999999922e+01,
       verticalAngle:1.2800000000000045e+02 }
   - { framePos:152, height:96, width:92,
       horizontalAngle:-3.4499999999999915e+01,
       verticalAngle:1.3150000000000045e+02 }
   - { framePos:153, height:96, width:90,
       horizontalAngle:-3.4499999999999915e+01,
       verticalAngle:1.3150000000000045e+02 }
   - { framePos:154, height:96, width:90,
       horizontalAngle:-3.4249999999999908e+01,
       verticalAngle:1.3150000000000048e+02 }
   - { framePos:155, height:96, width:90,
       horizontalAngle:-3.4499999999999908e+01,
       verticalAngle:1.3150000000000048e+02 }
   - { framePos:156, height:96, width:90,
       horizontalAngle:-3.4249999999999908e+01,
