%YAML:1.0
---
Name: Ground Truth
Function: This is the ground-truth data (bounding box) of PTZ camera benchmark
Notation: "In each image, the target is at center of the view"
InputPath: "/home/icai21/Modelos/codigos/anomalous_detection/videos/scenario3cow.mp4"
totalFrameNum: 1061.
frameImageWidth: 640.
frameImageHeight: 480.
verticalFOV: 90.
basicGroundTruth:
   - { framePos:99, height:62, width:74,
       horizontalAngle:-1.4750000000000003e+02,
       verticalAngle:9.7750000000000071e+01 }
   - { framePos:100, height:62, width:74,
       horizontalAngle:-1.4750000000000003e+02,
       verticalAngle:9.7750000000000071e+01 }
   - { framePos:101, height:62, width:74,
       horizontalAngle:-1.4750000000000003e+02,
       verticalAngle:9.7750000000000071e+01 }
   - { framePos:102, height:62, width:74,
       horizontalAngle:-1.4750000000000003e+02,
       verticalAngle:9.7750000000000071e+01 }
   - { framePos:103, height:62, width:74,
       horizontalAngle:-1.4775000000000003e+02,
       verticalAngle:9.7750000000000071e+01 }
   - { framePos:104, height:62, width:74,
       horizontalAngle:-1.4750000000000003e+02,
       verticalAngle:9.7750000000000071e+01 }
   - { framePos:105, height:62, width:76,
       horizontalAngle:-1.4775000000000003e+02,
       verticalAngle:9.7750000000000071e+01 }
   - { framePos:106, height:62, width:76,
       horizontalAngle:-1.4725000000000006e+02,
       verticalAngle:9.7750000000000071e+01 }
   - { framePos:107, height:62, width:76,
       horizontalAngle:-1.4750000000000003e+02,
       verticalAngle:9.7750000000000071e+01 }
   - { framePos:108, height:62, width:76,
       horizontalAngle:-1.4725000000000006e+02,
       verticalAngle:9.7750000000000071e+01 }
   - { framePos:109, height:62, width:76,
       horizontalAngle:-1.4700000000000006e+02,
       verticalAngle:9.7750000000000071e+01 }
   - { framePos:110, height:62, width:76,
       horizontalAngle:-1.4675000000000009e+02,
       verticalAngle:9.7750000000000071e+01 }
   - { framePos:111, height:62, width:76,
       horizontalAngle:-1.4650000000000009e+02,
       verticalAngle:9.7750000000000071e+01 }
   - { framePos:112, height:62, width:78,
       horizontalAngle:-1.4600000000000009e+02,
       verticalAngle:9.7750000000000071e+01 }
   - { framePos:113, height:62, width:78,
       horizontalAngle:-1.4575000000000009e+02,
       verticalAngle:9.7750000000000071e+01 }
   - { framePos:114, height:62, width:78,
       horizontalAngle:-1.4500000000000009e+02,
       verticalAngle:9.7750000000000071e+01 }
   - { framePos:115, height:62, width:78,
       horizontalAngle:-1.4450000000000006e+02,
       verticalAngle:9.7750000000000071e+01 }
   - { framePos:116, height:64, width:78,
       horizontalAngle:-1.4375000000000006e+02,
       verticalAngle:9.8000000000000071e+01 }
   - { framePos:117, height:64, width:78,
       horizontalAngle:-1.4325000000000006e+02,
       verticalAngle:9.8000000000000085e+01 }
   - { framePos:118, height:66, width:80,
       horizontalAngle:-1.4225000000000006e+02,
       verticalAngle:9.7750000000000085e+01 }
   - { framePos:119, height:66, width:80,
       horizontalAngle:-1.4200000000000009e+02,
       verticalAngle:9.7750000000000085e+01 }
   - { framePos:120, height:66, width:80,
       horizontalAngle:-1.4075000000000011e+02,
       verticalAngle:9.7750000000000085e+01 }
   - { framePos:121, height:68, width:84,
       horizontalAngle:-1.4000000000000009e+02,
       verticalAngle:9.8000000000000099e+01 }
   - { framePos:122, height:68, width:84,
       horizontalAngle:-1.3925000000000009e+02,
       verticalAngle:9.8000000000000114e+01 }
   - { framePos:123, height:68, width:84,
       horizontalAngle:-1.3825000000000009e+02,
       verticalAngle:9.8000000000000114e+01 }
   - { framePos:124, height:72, width:86,
       horizontalAngle:-1.3750000000000009e+02,
       verticalAngle:9.8000000000000114e+01 }
   - { framePos:125, height:72, width:86,
       horizontalAngle:-1.3625000000000011e+02,
       verticalAngle:9.8000000000000128e+01 }
   - { framePos:126, height:72, width:88,
       horizontalAngle:-1.3500000000000011e+02,
       verticalAngle:9.8250000000000142e+01 }
   - { framePos:127, height:74, width:88,
       horizontalAngle:-1.3400000000000011e+02,
       verticalAngle:9.8000000000000142e+01 }
   - { framePos:128, height:74, width:90,
       horizontalAngle:-1.3275000000000011e+02,
       verticalAngle:9.8250000000000142e+01 }
   - { framePos:129, height:74, width:90,
       horizontalAngle:-1.3150000000000011e+02,
       verticalAngle:9.8250000000000142e+01 }
   - { framePos:130, height:76, width:90,
       horizontalAngle:-1.3025000000000011e+02,
       verticalAngle:9.8500000000000156e+01 }
   - { framePos:131, height:76, width:94,
       horizontalAngle:-1.2900000000000011e+02,
       verticalAngle:9.8500000000000171e+01 }
   - { framePos:132, height:78, width:96,
       horizontalAngle:-1.2750000000000011e+02,
       verticalAngle:9.8500000000000185e+01 }
   - { framePos:133, height:80, width:98,
       horizontalAngle:-1.2625000000000011e+02,
       verticalAngle:9.8500000000000199e+01 }
   - { framePos:134, height:82, width:100,
       horizontalAngle:-1.2475000000000013e+02,
       verticalAngle:9.8500000000000213e+01 }
   - { framePos:135, height:84, width:100,
       horizontalAngle:-1.2300000000000011e+02,
       verticalAngle:9.8750000000000199e+01 }
   - { framePos:136, height:84, width:104,
       horizontalAngle:-1.2150000000000013e+02,
       verticalAngle:9.9000000000000199e+01 }
   - { framePos:137, height:86, width:104,
       horizontalAngle:-1.1975000000000011e+02,
       verticalAngle:9.9250000000000213e+01 }
   - { framePos:138, height:90, width:106,
       horizontalAngle:-1.1800000000000011e+02,
       verticalAngle:9.9000000000000227e+01 }
   - { framePos:139, height:92, width:108,
       horizontalAngle:-1.1625000000000013e+02,
       verticalAngle:9.9000000000000227e+01 }
   - { framePos:140, height:92, width:110,
       horizontalAngle:-1.1500000000000013e+02,
       verticalAngle:9.9000000000000242e+01 }
   - { framePos:141, height:94, width:110,
       horizontalAngle:-1.1275000000000011e+02,
       verticalAngle:9.9000000000000256e+01 }
   - { framePos:142, height:96, width:114,
       horizontalAngle:-1.1100000000000011e+02,
       verticalAngle:9.9250000000000270e+01 }
   - { framePos:143, height:96, width:114,
       horizontalAngle:-1.0975000000000011e+02,
       verticalAngle:9.9250000000000270e+01 }
   - { framePos:144, height:100, width:116,
       horizontalAngle:-1.0800000000000013e+02,
       verticalAngle:9.9500000000000284e+01 }
   - { framePos:145, height:100, width:120,
       horizontalAngle:-1.0675000000000013e+02,
       verticalAngle:9.9500000000000298e+01 }
   - { framePos:146, height:102, width:122,
       horizontalAngle:-1.0525000000000011e+02,
       verticalAngle:9.9750000000000313e+01 }
   - { framePos:147, height:102, width:122,
       horizontalAngle:-1.0400000000000013e+02,
       verticalAngle:9.9750000000000327e+01 }
   - { framePos:148, height:104, width:124,
       horizontalAngle:-1.0250000000000011e+02,
       verticalAngle:9.9500000000000341e+01 }
   - { framePos:149, height:104, width:124,
       horizontalAngle:-1.0125000000000011e+02,
       verticalAngle:9.9500000000000355e+01 }
   - { framePos:150, height:108, width:128,
       horizontalAngle:-1.0025000000000013e+02,
       verticalAngle:9.9750000000000341e+01 }
   - { framePos:151, height:108, width:128,
       horizontalAngle:-9.9000000000000128e+01,
       verticalAngle:9.9750000000000341e+01 }
   - { framePos:152, height:108, width:130,
       horizontalAngle:-9.8000000000000114e+01,
       verticalAngle:9.9750000000000341e+01 }
   - { framePos:153, height:110, width:132,
       horizontalAngle:-9.6750000000000114e+01,
       verticalAngle:9.9750000000000341e+01 }
   - { framePos:154, height:112, width:132,
       horizontalAngle:-9.6000000000000114e+01,
